@params:FreqHi|FreqLo|GainHi|GainLo|GainMid|HighOn|LowOn|MidOn|Slope
Boost HiHats:0.5158730149269104|0.4841269850730896|0.9999999403953552|0.8500000238418579|0.8500000238418579|1.0|1.0|1.0|0.0
Edges:0.8888888955116272|0.2460317462682724|0.8500000238418579|0.8492063283920288|0.8500000238418579|1.0|1.0|0.0|1.0
Hi:0.4841269850730896|0.34948498010635376|0.9365079402923584|1.433662699668048e-08|1.433662699668048e-08|1.0|1.0|1.0|1.0
Infrasonic:0.561296820640564|0.0|0.8500000238418579|0.9999999403953552|0.8500000238418579|0.0|1.0|0.0|1.0
Less Low More Mid:0.5|0.0952380895614624|0.841269850730896|1.433662699668048e-08|0.9999999403953552|1.0|1.0|1.0|0.0
Midnight:0.6428571343421936|0.5476190447807312|1.433662699668048e-08|1.433662699668048e-08|0.9999999403953552|1.0|1.0|1.0|1.0
Remove:0.5158730149269104|0.4841269850730896|0.8500000238418579|0.8492063283920288|0.8500000238418579|1.0|1.0|0.0|0.0
